"species"	"Mean.EX.Female"	"SD.EX.Female"	"Lower.EX.Female"	"Upper.EX.Female"	"Mean.AR.Female"	"SD.AR.Female"	"Lower.AR.Female"	"Upper.AR.Female"	"Mean.EX.Male"	"SD.EX.Male"	"Lower.EX.Male"	"Upper.EX.Male"	"Mean.AR.Male"	"SD.AR.Male"	"Lower.AR.Male"	"Upper.AR.Male"	"Mean.EXDiff"	"SD.EXDiff"	"Lower.EXDiff"	"Upper.EXDiff"	"Mean.ARDiff"	"SD.ARDiff"	"Lower.ARDiff"	"Upper.ARDiff"
"Mauremys reevesii"	10.1821445738823	1.46719780694239	7.64132886512326	13.3320191788409	0.0356597390107546	0.0351891909665902	-0.00769162266632662	0.123867666528462	10.5013035676001	1.52669347396034	7.87892249879582	13.9060943113727	0.0372268408896015	0.0353922371810224	-0.00668385667667198	0.124190718912893	-0.0522634093465812	0.214766902701305	-0.535246751339181	0.305253503194969	-0.0015671018788469	0.0498975885012921	-0.102193821356856	0.102333841778477
"Cuora galbinifrons"	16.2918213726497	2.57075614927521	11.9499698945292	21.9587536437676	-0.000325386595995149	0.0109392552509108	-0.018143251398764	0.0273297804842547	15.1991654905677	3.28982628227699	10.0973633821386	22.7450481644458	-0.00850138838621597	0.0103449562690386	-0.0317840882461645	0.00924275672736969	0.0441614110170667	0.258108520157086	-0.558079904641701	0.441924008343554	0.00817600179022082	0.0148929318600809	-0.0174642825353515	0.0426787343286305
"Cuora trifasciata"	NA	NA	NA	NA	NA	NA	NA	NA	23.5341630844708	3.08487715304176	19.1237427990538	31.2069150146784	0.0365670697461856	0.0255712480333685	0.00242194581862616	0.0972015543454401	NA	NA	NA	NA	NA	NA	NA	NA
"Cuora amboinensis"	12.3793207790916	0.760869269432202	10.9218553784664	13.9134115517145	0.0177932967478207	0.0122898032115429	-0.000361331808901162	0.0465773137916373	13.2220641553561	1.08917578475296	11.2369609429087	15.5089637960988	0.00754743229682552	0.0135083727943191	-0.0100884738607296	0.0436355570602347	-0.0721263333408573	0.110492787055882	-0.307366344621289	0.1266120627406	0.0102458644509952	0.0182942423607851	-0.0297456601879169	0.044962248048678
"Heosemys grandis"	17.7600250471357	1.51432574844527	15.1445217081431	21.0968764134482	0.0419465196073161	0.0263526222566125	0.00361510676975078	0.104660358205577	NA	NA	NA	NA	NA	NA	NA	NA	NA	NA	NA	NA	NA	NA	NA	NA
"Geoclemys hamiltonii"	19.0612790502744	1.70770287822666	16.0190993373549	22.7224744391372	0.060630101830533	0.0332122805108732	0.00857454822645827	0.13188020071073	NA	NA	NA	NA	NA	NA	NA	NA	NA	NA	NA	NA	NA	NA	NA	NA
"Batagur borneoensis"	NA	NA	NA	NA	NA	NA	NA	NA	16.0559823972819	2.37510341796435	12.5196579359767	21.7397613825674	0.0257036254204644	0.0240707131571987	-0.00324030820234319	0.0870916654803242	NA	NA	NA	NA	NA	NA	NA	NA
"Siebenrockiella crassicollis"	5.71964770812384	1.2795444758389	3.55093743773548	8.5505709615207	-0.0436961724590577	0.225075345355317	-0.674266931940278	-5.28372169870359e-16	7.01079404580166	1.7496757161604	4.19944218880367	10.946477936714	-0.0449373723583175	0.033107724030107	-0.127339906765266	0.000881638578601067	-0.289081384446581	0.444476556727191	-1.34109324367303	0.361716114069343	0.00124119989925979	0.227856499784957	-0.632449226906681	0.124457306447736
"Geoemyda spengleri"	15.1532140839236	1.45914581049488	12.6990676306595	18.3831623958713	0.0091227465140552	0.0157317545493371	-0.00898969808455014	0.0524629205942002	12.6312621924368	1.62001235447328	9.8978194502895	16.2537469615197	0.00252561528600546	0.0126528992376006	-0.0170921039092587	0.034138343444555	0.158900757094405	0.133879359071361	-0.131443265997292	0.392974222125833	0.00659713122804974	0.0200855121314832	-0.0307739437346066	0.0540084185977587
"Indotestudo forstenii"	8.67592133396824	1.66587539307055	5.99278999314182	12.434862282176	0.0185465077711139	0.0294877182203037	-0.0203042190549168	0.095667463942236	NA	NA	NA	NA	NA	NA	NA	NA	NA	NA	NA	NA	NA	NA	NA	NA
"Indotestudo elongata"	21.6751007499495	1.95047764995275	18.6003377376917	26.2630059350506	0.0317075011880253	0.0216422068523604	0.00206404536939604	0.0832898882395852	NA	NA	NA	NA	NA	NA	NA	NA	NA	NA	NA	NA	NA	NA	NA	NA
"Malacochersus tornieri"	18.0357062315125	1.09209206148122	16.1059328488957	20.3674648024379	0.0128055169004137	0.00948435087344013	-0.000488112018514785	0.0351445994189764	NA	NA	NA	NA	NA	NA	NA	NA	NA	NA	NA	NA	NA	NA	NA	NA
"Testudo marginata"	13.1481568693627	2.14461962443335	9.65668186965761	17.9159050619732	-0.000343158311886903	0.00279551635686243	-0.00476862155566584	0.000628390158825639	20.4877258686999	2.86260893982346	15.8291872369321	27.0690881949186	0.00666184180633181	0.00913226829787927	-0.00592258892778179	0.0296674999408706	-0.598748704462186	0.340754024247345	-1.36774619742381	-0.0357275404577629	-0.00700500011821872	0.00952441960208175	-0.030843488586845	0.00609842758621411
"Testudo kleinmanni"	11.7632767000305	0.641144894263782	10.5291367897656	13.0486501213267	0.113961721186621	0.0496287584446162	0.0328879158183498	0.226792906005726	10.995500751759	0.546747489598597	9.94575724175087	12.0848641619866	0.0649318802289456	0.0292373221244661	0.0162183588361221	0.12999797800935	0.0624878572234968	0.0692445037088825	-0.0797430843259813	0.190385341262105	0.0490298409576759	0.057503860607939	-0.0558212835809931	0.171011262432876
"Testudo graeca"	10.1434941410197	0.822601339225675	8.62465869635195	11.8743398088548	-0.0261490747530935	0.0100278463386598	-0.0480335683346313	-0.00874157423574642	NA	NA	NA	NA	NA	NA	NA	NA	NA	NA	NA	NA	NA	NA	NA	NA
"Testudo hermanni"	14.8502177433709	0.813659038152844	13.3601105238024	16.5279374189631	-0.0036049260306774	0.00622524789252627	-0.012956137083561	0.0137469989490074	14.6881441772808	0.734499959065534	13.335069511386	16.1984199914575	-2.05473758218598e-06	0.000954065093384118	-0.00115226395655947	0.00115668947755451	0.00806645691668341	0.0719548231053704	-0.139675308565407	0.142056939587898	-0.00360287129309521	0.00630798850837306	-0.0132565779141306	0.0138493008901054
"Testudo horsfieldii"	21.4461981994804	2.56376873066539	17.3817985793186	27.4318491480194	-0.00504807545614438	0.00457458605419258	-0.013785330552385	0.00452116555590088	23.90735688923	2.82723983495583	19.3732702311239	30.3812954652373	0.000135756083775062	0.00519816447559491	-0.00835133825506417	0.0126883843927084	-0.129556897784057	0.184313725755356	-0.529689641851303	0.191376083145951	-0.00518383153991944	0.00683630457052417	-0.019796474415428	0.00755395335980387
"Kinixys homeana"	7.5690665904271	1.25323408456368	5.45031992002941	10.3629636858749	0.0152822735510543	0.0244991402053681	-0.0186790874545636	0.079425621787145	NA	NA	NA	NA	NA	NA	NA	NA	NA	NA	NA	NA	NA	NA	NA	NA
"Kinixys belliana"	10.1768788821613	1.37947863740949	7.82776687157898	13.2035019937811	1.08453963734052e-05	0.00364619418490545	-0.00468960072696705	0.00495780696202701	12.0532088709855	1.88569400518587	9.03100723048671	16.3860766236192	0.0225832477118114	0.0309460916065844	-0.0112559906576072	0.108423188388098	-0.205447015646568	0.247370142551839	-0.762639638128568	0.195253505590541	-0.022572402315438	0.0312007398929293	-0.109114493522552	0.0121086608845704
"Geochelone elegans"	15.5462118357153	1.51690301721431	13.3303905663097	19.0750651968051	0.0253656772019136	0.0383721547403473	-0.00825509467925916	0.127754259532117	15.8023899860435	0.526561955855825	14.7760426031905	16.8527315056304	0.194900061647189	0.0389027342741394	0.116590618152503	0.269811809380297	-0.0255420291362834	0.0999039813999963	-0.206118167206923	0.175156705504273	-0.169534384445276	0.0553850157497905	-0.262315475830919	-0.0444598617149763
"Chelonoidis niger"	NA	NA	NA	NA	NA	NA	NA	NA	49.2219924531807	7.99885819365737	35.8816533837503	67.3937026434233	4.32904060613741e-05	0.00087148739625006	-4.21612760052272e-05	-2.42901537936962e-88	NA	NA	NA	NA	NA	NA	NA	NA
"Chelonoidis chilensis"	15.3335455082716	2.7747788277205	11.4845304328695	21.9639919057176	0.00660227895944264	0.01783894236253	-0.0142441562776245	0.0551274233575242	NA	NA	NA	NA	NA	NA	NA	NA	NA	NA	NA	NA	NA	NA	NA	NA
"Stigmochelys pardalis"	20.4550780268757	1.32266254651129	18.1987260339917	23.3565360785564	0.00682082916276835	0.00910245409591503	-0.0037380795881082	0.0314141914706312	20.880053277033	1.56517744702721	18.3155464099403	24.45887666403	0.0120231317169686	0.0115699654945633	-0.00247796370853787	0.0405077957074181	-0.0249317901164729	0.100587916137543	-0.245560726709774	0.152166254693646	-0.00520230255420022	0.0144182584880771	-0.036914141299401	0.0228728599583278
"Chersina angulata"	3.33219031404981	0.635791500967379	2.21565095341799	4.71331976630429	-0.0140528005440853	0.0414335498262864	-0.123891516654781	0.0454549774608862	5.40353209895218	0.957328181352826	3.73844696437881	7.46892098937264	0.011401872684634	0.0261397647452178	-0.0353579978800904	0.073095352687816	-0.682215226418877	0.449899392525538	-1.70290769758562	0.0202288426908059	-0.0254546732287193	0.0491515354647606	-0.147711525954238	0.0529698712462555
"Pyxis arachnoides"	15.8708158952848	1.7166083068269	13.1245992559659	19.8657057854999	0.0214723399176519	0.0202568879841459	-0.00308158304377785	0.0738817505755899	NA	NA	NA	NA	NA	NA	NA	NA	NA	NA	NA	NA	NA	NA	NA	NA
"Pyxis planicauda"	13.6699348267327	1.69551630199601	10.7715424108152	17.4125023957483	0.0170442701368088	0.0188744374888648	-0.00725632130730222	0.0649714573146043	NA	NA	NA	NA	NA	NA	NA	NA	NA	NA	NA	NA	NA	NA	NA	NA
"Aldabrachelys gigantea"	47.745771510604	6.74457370249771	37.9929479186162	64.2560172645104	0.000316894571654514	0.00346130481521158	-0.00427069901970059	0.00932826829629664	55.4744597816917	5.64265973017171	46.4696383805765	68.681059695385	0.00310818669705148	0.00421064730653411	-0.00212219582954231	0.0137202143235927	-0.182711580294543	0.194092946611062	-0.596931617000128	0.172218584682009	-0.00279129212539697	0.00537842221978684	-0.0143185597710011	0.00765317785161418
"Gopherus polyphemus"	12.8513589261115	1.53314093646178	10.1273386894699	16.1828447798872	0.0114604030080585	0.0167508232075648	-0.0114179466006198	0.0544459233181128	13.6680605317007	1.75242920983684	10.7080412033319	17.4992079910667	-0.000680128519159251	0.00969794728932779	-0.0183460955545152	0.0223358120278132	-0.0785837565999052	0.189320314638013	-0.501667703328505	0.238834589030853	0.0121405315272178	0.0193055312301753	-0.0209486925550845	0.0576482557061472
"Gopherus berlandieri"	NA	NA	NA	NA	NA	NA	NA	NA	14.3636795153261	2.5107292440969	10.3188506069781	19.881847725611	-0.000261151088342607	0.00469057017709899	-0.00758525482298199	0.00387557970857027	NA	NA	NA	NA	NA	NA	NA	NA
"Gopherus agassizii"	15.4538911865965	1.61484519691208	12.5686505534903	18.8695450939194	0.0080291389339232	0.00984273327696799	-0.00613891654980467	0.0323050799509824	21.4660336596629	2.80610832091778	16.7306350049498	27.7243167489996	-0.000154633420728296	0.00517143422031684	-0.00920227794761623	0.0118253613780558	-0.404522854610285	0.23793699790257	-0.941855287773037	-0.00447677346538119	0.00818377235465149	0.0112409038719165	-0.0106583417879535	0.0343425679260751
"Glyptemys insculpta"	11.4941279835793	1.48365483153185	8.95750426974764	14.731491760991	0.0482852807652616	0.0391468732287497	-0.00211077575410738	0.143477823763122	11.8084735514397	1.82308810686117	8.68299317185893	15.8043131009773	0.0575385123252952	0.0429156977970389	-0.00147656695706281	0.156140245164053	-0.0442040181899332	0.2101784143925	-0.512545886418269	0.313050993840929	-0.00925323156003357	0.0583299554983321	-0.128949337960546	0.107695219534945
"Glyptemys muhlenbergii"	11.6661524386659	1.42277749673469	9.17214867857872	14.7043962448715	0.0188378912386688	0.0213333431778321	-0.00811780669206596	0.0726000027393983	12.6894747831743	1.37472529949428	10.203428670888	15.6195905703752	0.0276229254019792	0.0202091117307545	-0.000366319943059513	0.0760326034921887	-0.103826300983771	0.180480539759911	-0.500573311047152	0.206614516523488	-0.00878503416331043	0.0295105634395077	-0.0671992214635701	0.0536149105963866
"Clemmys guttata"	16.1917983092584	1.15339310898745	14.1712158989123	18.6954213608517	0.0400995057899098	0.0214055954945084	0.00594055985878845	0.0867108336978003	14.6348308591078	1.69264264402749	11.9057505439106	18.5057936168017	0.0171565871766985	0.0179700158805053	-0.004756780430078	0.0622655937726817	0.0918317284978393	0.121639099283982	-0.180280837842142	0.294783921626832	0.0229429186132113	0.0277630089596036	-0.0339720344231151	0.0766908686895671
"Trachemys scripta"	20.4256187312448	0.516637225740214	19.4314022564669	21.4503582751186	0.104838257209581	0.0236365392533513	0.0586816235171551	0.151932992056339	15.5976512124863	0.79640210420183	14.2107969204467	17.3343108769273	0.0150416181514782	0.0131807605006024	-0.00212986542227349	0.0466824038379082	0.235883051748052	0.0434947810648669	0.142241002606369	0.313691921588551	0.0897966390581032	0.0267500051890255	0.0366088365503758	0.142431297965911
"Trachemys callirostris"	19.5184411003274	2.5306698514647	15.7836731634173	25.4579678289221	0.0445911097894346	0.0304696938965223	0.00234831764803603	0.114565926864956	NA	NA	NA	NA	NA	NA	NA	NA	NA	NA	NA	NA	NA	NA	NA	NA
"Graptemys pseudogeographica"	14.9944441782142	1.57610135498874	12.4547802863789	18.6880847395589	0.0516213400493355	0.0389870534724826	-0.00128346349577323	0.140446345150467	9.26343869878927	1.12919074204422	7.23610291999545	11.6749547028562	0.0274158825959266	0.0296651137453534	-0.00983876602203938	0.100643010959625	0.375852564514795	0.0980917177502674	0.166837160130615	0.552088255558448	0.0242054574534089	0.0491403260588518	-0.0718658595864303	0.124332208189383
"Graptemys flavimaculata"	14.4403390993653	1.3356762912848	11.9497008559537	17.172031472853	0.066076848169253	0.0329218716633924	0.0125455993087604	0.137266593018849	NA	NA	NA	NA	NA	NA	NA	NA	NA	NA	NA	NA	NA	NA	NA	NA
"Chrysemys picta"	11.1225267087928	0.560621124021963	10.0600341729526	12.2365037693689	0.10173517897201	0.0344962358023502	0.0376976721522138	0.173741896857289	NA	NA	NA	NA	NA	NA	NA	NA	NA	NA	NA	NA	NA	NA	NA	NA
"Macrochelys temminckii"	NA	NA	NA	NA	NA	NA	NA	NA	35.1801151899628	3.475706128414	29.2081726695069	42.8670164644022	0.00728818511387677	0.007247212701331	-0.00185332582552094	0.0259077000983926	NA	NA	NA	NA	NA	NA	NA	NA
"Chelydra serpentina"	11.9466754358467	1.2411800918989	9.79233373608865	14.6555446813079	0.00890342552916943	0.0163208234813029	-0.0118436770796742	0.0527538728615172	16.8399739683328	2.10019280093245	13.435559746197	21.627120090188	0.00767081348902533	0.0128704974286809	-0.00839686794927911	0.0414775310614404	-0.424109755321896	0.227060828195088	-0.924146806991677	-0.038214443365703	0.0012326120401441	0.0208400066802738	-0.0399234465447532	0.0483872303983355
"Sternotherus odoratus"	7.8104211230653	0.922297932201877	6.18339648009202	9.80043941719763	0.017090052304615	0.0217799454660879	-0.0126446219769806	0.0721797270792372	11.4492900329028	1.82842186638306	8.52406396548159	15.6010277283422	0.00929577572867907	0.0181806087499127	-0.0145309775712033	0.0573159288707443	-0.485820184596926	0.293461750107159	-1.16378582449945	-0.00830460265677993	0.00779427657593588	0.0285093900353024	-0.0495259030813737	0.0689405387214063
"Kinosternon leucostomum"	1.6083826126962	0.387228108821666	0.995999312447736	2.50549829906875	0.0238115941321182	0.0544019764939825	-0.0615265468244222	0.164235665810586	5.66420299067714	1.17234168482024	3.79921313777632	8.32931532446134	-0.00635994950218003	0.027255633953185	-0.0689275735477562	0.0451771288870739	-2.72263672907807	1.18522712324521	-5.51981928541552	-0.927851639780339	0.0301715436342983	0.0604822338246342	-0.0675633256402238	0.176762688581546
"Apalone spinifera"	8.59762572819815	1.15108883060264	6.56174974670262	11.0790284247578	0.040683943915114	0.0334343813090408	-0.00425231708629635	0.120176554040938	9.65568708449238	1.14284847687138	7.62400703047579	12.0993909799549	0.0673085687180286	0.0499752229751715	-0.00220632543828143	0.181052174031478	-0.143114916175396	0.204929313169808	-0.600018856929773	0.204146441426051	-0.0266246248029147	0.0600354330230381	-0.153220505453271	0.0828284838760581
"Apalone ferox"	9.86655755461187	1.33695134023816	7.41004564663984	12.6663011814273	0.0579912123086805	0.0515923913476259	-0.00462415098455709	0.185865076812261	10.7224884833756	2.38723952328792	6.99885104455186	16.2896409628926	0.00231362343551012	0.0199698076147932	-0.0315461860278049	0.0516291373942647	-0.106668149455572	0.290625365635331	-0.795666690075185	0.33706204754888	0.0556775888731704	0.05488938893173	-0.0260119026079278	0.186780784466343
"Pelodiscus sinensis"	8.14812715733838	1.07552190006988	6.2420455684966	10.4954196701536	0.00879897380077702	0.0198089102081521	-0.0218761903450876	0.0592346652445192	13.5299687942138	2.28019369346132	9.84470764139296	18.6569705599346	0.00496249417486955	0.0230073882188606	-0.00157379659946692	0.0681525986688543	-0.689343751491049	0.36368301530975	-1.53101078773903	-0.101215243643466	0.00383647962590746	0.0301719062234219	-0.0631559812947529	0.057809483737759
"Pelomedusa subrufa"	12.1495962619012	1.04265659706035	10.2320046930684	14.3473127514615	0.0189092958298697	0.0155113820969566	-0.00316964882683684	0.0557254159395968	13.0261697880912	1.34446142509703	10.6204809378383	15.9043388358678	0.0175669472430074	0.0170621694358007	-0.00523828436003202	0.0589930124651786	-0.0799326306882506	0.144444583412792	-0.391723634596774	0.17570425592449	0.0013423485868623	0.0232750536426026	-0.0467416118385209	0.0470537913143709
"Pelusios castaneus"	22.9940513835496	3.31428875995858	17.8900809520194	30.893515336718	0.0164933772134213	0.0153615570125046	-0.00266511247284483	0.0547262021873029	17.778285484502	2.67962240360105	13.4326839984261	23.9796038829777	0.0170939385282406	0.0164898823574024	-0.00374776793252643	0.0586737868611755	0.21217510131198	0.158958389763185	-0.140894714477276	0.483669334724834	-0.000600561314819304	0.0226236778264193	-0.0488393174536442	0.0449805979874883
"Podocnemis unifilis"	24.2754614317109	1.5654361802471	21.4704491241397	27.5743748871182	0.035141243042405	0.0165827538196387	0.00749560445477153	0.0711605813827503	26.3898994094997	1.40423220812103	23.9584441232251	29.5142481369343	0.047401363017128	0.0195939519517329	0.0126720408836036	0.0895907198023483	-0.0915615256093052	0.0905620667589089	-0.278491298809058	0.0755610145277778	-0.012260119974723	0.0255661506629601	-0.0635962151029564	0.0375554661698696
"Chelodina mccordi"	14.1972101918207	2.58798633613949	10.4618255369999	19.674915130524	0.00663803454902969	0.0344598154402357	-0.00226231523915287	0.0914631833131087	12.916615918372	1.68219119864371	10.4072025477359	16.8985524147766	0.0434650047017231	0.0314225283597306	0.0039598881564979	0.120236965442216	0.0651902202397883	0.192628449349803	-0.36542238628611	0.39210623905191	-0.0368269701526935	0.0463449142515878	-0.118734348262483	0.0530423180766043
"Chelodina longicollis"	21.0712414720996	2.69122684672439	16.893289437853	27.327295957425	0.00811819957345474	0.0118127364121339	-0.00578502028462078	0.0388192012252467	21.7003367509766	2.48881639445629	17.7131636366551	27.3427187159347	0.0253201336454453	0.0182964044508435	0.00113212123455129	0.0689857307869016	-0.0454341653761028	0.173205452641103	-0.414958764818989	0.259549874617724	-0.0172019340719906	0.0217116378014585	-0.0642155266765875	0.0230618005452419
"Chelus fimbriatus"	15.9880693314698	1.43358412337683	13.32962208086	19.0155347579549	0.0073939565893958	0.0114508560128005	-0.00834235751631431	0.0361587030666553	15.9808814900508	1.12941002837884	13.8828027411465	18.3459328970355	0.0100193539460514	0.0132620309134962	-0.00715179533101935	0.042387341528853	-0.00758373497630099	0.115224758175994	-0.25314881444132	0.199072456321989	-0.00262539735665563	0.0176549964254117	-0.040185478695178	0.032329317431118
"Platemys platycephala"	8.35484315353117	1.38234291544209	6.03894811319652	11.4242552802118	0.00461276684101579	0.0173749748574164	-0.00491648236016871	0.0596657595815237	11.1463496330237	1.26410179400293	8.79150847811948	13.7581253375613	0.0588626650414462	0.0340811017134983	0.00780315664303041	0.136020359979548	-0.370100169978409	0.273386189352052	-0.967683790438573	0.0947848177688436	-0.0542498982004304	0.0382592364842102	-0.135106473136287	0.0147753877376402
